ptm ptM IPxym IPxyM   dLm   dLM  dLxym dLxyM  ndLxym ndLxyM  cpm  cpM cxym cxyM dptm dptM svtxm svtxM d0expmin d0expmax chim chiM PVchim PVchiM
1.   2. -1001. 1001.  0.00  1.1    0.   1.1     6.0    21.  0.985  1. 0.   1.  0.3  10.   0.  0.030   -11.      11.    0.   2.50   0.   3.
2.   3. -1001. 1001.  0.00  1.1    0.   1.1     5.0    21.  0.985  1. 0.   1.  0.3  10.   0.  0.030   -11.      11.    0.   2.50   0.   3
3.   4. -1001. 1001.  0.00  1.1    0.   1.1     5.0    21.  0.985  1. 0.   1.  0.3  10.   0.  0.034   -11.      11.    0.   3.00   0.   3
4.   5. -1001. 1001.  0.00  1.1    0.   1.1     5.0    21.  0.985  1. 0.   1.  0.3  10.   0.  0.034   -11.      11.    0.   3.00   0.   3
5.   6. -1001. 1001.  0.00  1.1    0.   1.1     5.0    21.  0.985  1. 0.   1.  0.3  10.   0.  0.034   -11.      11.    0.   3.00   0.   3
6.   7. -1001. 1001.  0.00  1.1    0.   1.1     5.0    21.  0.985  1. 0.   1.  0.3  10.   0.  0.034   -11.      11.    0.   3.00   0.   3
7.   8. -1001. 1001.  0.00  1.1    0.   1.1     5.0    21.  0.985  1. 0.   1.  0.3  10.   0.  0.034   -11.      11.    0.   3.00   0.   3
8.  12. -1001. 1001.  0.00  1.1    0.   1.1     5.0    21.  0.985  1. 0.   1.  0.3  10.   0.  0.050   -11.      11.    0.   3.50   0.   3
12. 16. -1001. 1001.  0.00  1.1    0.   1.1     6.0    21.  0.985  1. 0.   1.  0.3  10.   0.  0.050   -11.      11.    0.   3.50   0.   3
16. 24. -1001. 1001.  0.00  1.1    0.   1.1     6.0    21.  0.985  1. 0.   1.  0.3  10.   0.  0.030   -11.      11.    0.   4.00   0.   3
