ptmin ptmax cxymin cxymax dlxymin dlxymax ndlxymin ndlxymax d0d0expmin d0d0expmax
1.    2.    0.990  1.000    0.00    1.10     8.       31.      -999       999
2.    3.    0.990  1.000    0.00    1.10     8.       31.      -999       999
3.    4.    0.990  1.000    0.00    1.10     8.       31.      -999       999
4.    5.    0.990  1.000    0.00    1.10     6.       31.      -999       999
5.    6.    0.990  1.000    0.00    1.10     6.       31.      -999       999
6.    7.    0.990  1.000    0.00    1.10     6.       31.      -999       999
7.    8.    0.990  1.000    0.00    1.10     6.       31.      -999       999
8.    12.   0.990  1.000    0.00    1.10     6.       31.      -999       999
12.   16.   0.990  1.000    0.00    1.10     6.       31.      -999       999
16.   24.   0.990  1.000    0.00    1.10     6.       31.      -999       999

